    267 98335
    246 98607
    230 98391
    201 98221
    195 98277
    185 98332
    161 98042
    153 98604
    143 98012
    141 98837
    136 98682
    136 98671
    136 98382
    136 98116
    136 98103
    135 98225
    135 98092
    134 98226
    132 98258
    132 98052
    128 98290
    127 99208
    127 98223
    127 98110
    126 98115
    123 98027
    122 98038
    121 98926
    118 98501
    118 98374
    117 98229
    115 98006
    114 99301
    114 98801
    114 98058
    113 98033
    110 99362
    107 99224
    104 98642
    104 98034
    103 98208
    103 98059
    103 98004
    101 98908
    101 98250
     97 99223
     97 99163
     97 98275
     96 98166
     94 98296
     94 98109
     93 98513
     93 98512
     91 98338
     91 98040
     90 98023
     89 98684
     88 98685
     87 98661
     86 98117
     86 98026
     86 98022
     85 98370
     85 98367
     85 98321
     84 98125
     82 99206
     82 98516
     81 99352
     81 98072
     79 98122
     79 98118
     78 98387
     78 98292
     77 98203
     76 98407
     76 98105
     75 98466
     74 98802
     74 98502
     74 98102
     74 98056
     73 98422
     73 98375
     73 98155
     73 98074
     72 98107
     71 98584
     70 98075
     70 98011
     69 98664
     68 99203
     68 98121
     67 98606
     67 98597
     66 98672
     66 98270
     66 98036
     66 98020
     65 98683
     65 98029
     64 98126
     63 99403
     63 98366
     62 98248
     61 99205
     61 98264
     61 98198
     61 98144
     61 98045
     60 99019
     60 98532
     60 98498
     60 98372
     60 98362
     60 98272
     59 98686
     59 98662
     59 98273
     59 98199
     59 98136
     59 98005
     58 98021
     57 98333
     56 98201
     55 98028
     54 98383
     54 98282
     54 98133
     54 98031
     54 98001
     53 99212
     53 98665
     53 98632
     53 98503
     53 98101
     53 98077
     52 98312
     51 98177
     51 98055
     50 98371
     50 98119
     50 98087
     49 98826
     49 98406
     49 98373
     49 98368
     49 98271
     49 98146
     48 98112
     48 98003
     47 98032
     47 98008
     46 99354
     46 99337
     46 99324
     46 99016
     46 98499
     46 98245
     46 98070
     45 99338
     45 99026
     45 98065
     44 98284
     44 98274
     43 98168
     41 99336
     41 98663
     41 98230
     41 98204
     40 99114
     40 98942
     40 98311
     40 98106
     39 99353
     39 99202
     39 99201
     39 99021
     39 98674
     39 98626
     38 99006
     38 98329
     37 99217
     37 99216
     37 99004
     37 98660
     37 98360
     37 98328
     37 98053
     37 98030
     36 99005
     36 98260
     36 98236
     36 98178
     36 98019
     35 98506
     35 98390
     34 98902
     34 98629
     34 98359
     34 98037
     34 98010
     33 98445
     33 98024
     32 98901
     32 98531
     32 98188
     31 99350
     31 98467
     31 98007
     30 98363
     29 99218
     29 99207
     29 99037
     29 99022
     29 98823
     29 98310
     29 98108
     28 98444
     28 98402
     28 98239
     28 98057
     27 99156
     27 98404
     27 98249
     26 99344
     26 98409
     26 98233
     26 98043
     26 98002
     25 98403
     24 98922
     24 98848
     24 98580
     24 98327
     24 98261
     24 98232
     24 98014
     23 98346
     23 98257
     22 99003
     22 98862
     22 98816
     22 98405
     22 98104
     22 98039
     21 98675
     21 98620
     21 98520
     21 98446
     21 98408
     21 98365
     20 98815
     20 98648
     20 98625
     20 98528
     20 98349
     20 98148
     19 99320
     19 99109
     19 99036
     19 98579
     18 99204
     18 98424
     18 98388
     17 99025
     17 98903
     17 98856
     16 98930
     16 98380
     15 98465
     15 98051
     14 99111
     14 99009
     14 98953
     14 98601
     14 98591
     14 98443
     14 98354
     13 99349
     13 99027
     13 98841
     13 98611
     13 98569
     13 98294
     13 98252
     13 98247
     12 99166
     12 99141
     12 98855
     12 98576
     12 98541
     11 98937
     11 98650
     11 98612
     11 98596
     11 98589
     11 98546
     11 98418
     11 98253
     10 99122
     10 98844
     10 98831
     10 98548
     10 98228
      9 99323
      9 98944
      9 98857
      9 98840
      9 98635
      9 98610
      9 98592
      9 98570
      9 98568
      9 98550
      9 98394
      9 98337
      9 98281
      9 98047
      8 99357
      8 99185
      8 99143
      8 98850
      8 98651
      8 98640
      8 98563
      8 98524
      8 98433
      8 98325
      8 98240
      8 98206
      7 99402
      7 99169
      7 99148
      7 99130
      7 99011
      7 98951
      7 98843
      7 98577
      7 98507
      7 98439
      7 98339
      7 98279
      7 98244
      7 98237
      6 99361
      6 99360
      6 99347
      6 99328
      6 99302
      6 99158
      6 99001
      6 98936
      6 98687
      6 98649
      6 98645
      6 98605
      6 98557
      6 98438
      6 98392
      6 98376
      6 98340
      6 98320
      6 98266
      6 98251
      6 98243
      6 98025
      6 98009
      5 99159
      5 99139
      5 99133
      5 99110
      5 98947
      5 98851
      5 98847
      5 98828
      5 98624
      5 98564
      5 98558
      5 98295
      5 98083
      4 99343
      4 99326
      4 99173
      4 99171
      4 99161
      4 99138
      4 99101
      4 99029
      4 98948
      4 98935
      4 98932
      4 98858
      4 98822
      4 98812
      4 98639
      4 98565
      4 98509
      4 98396
      4 98358
      4 98351
      4 98331
      4 98280
      4 98278
      4 98262
      3 99346
      3 99330
      3 99209
      3 99167
      3 99157
      3 99134
      3 99126
      3 99124
      3 99123
      3 99031
      3 98943
      3 98934
      3 98833
      3 98668
      3 98638
      3 98631
      3 98613
      3 98603
      3 98595
      3 98586
      3 98542
      3 98537
      3 98511
      3 98508
      3 98385
      3 98377
      3 98357
      3 98356
      3 98353
      3 98344
      3 98342
      3 98315
      3 98304
      3 98291
      3 98241
      3 98231
      3 98227
      3 98145
      3 98138
      3 98134
      3 98124
      3 98073
      3 98050
      3 98015
      2 99401
      2 99348
      2 99341
      2 99335
      2 99329
      2 99321
      2 99181
      2 99179
      2 99153
      2 99140
      2 99135
      2 99128
      2 99125
      2 99119
      2 99117
      2 99116
      2 99113
      2 99103
      2 99102
      2 99013
      2 99008
      2 98933
      2 98860
      2 98852
      2 98846
      2 98836
      2 98814
      2 98807
      2 98666
      2 98644
      2 98623
      2 98617
      2 98614
      2 98590
      2 98547
      2 98538
      2 98496
      2 98417
      2 98395
      2 98384
      2 98345
      2 98324
      2 98303
      2 98286
      2 98276
      2 98267
      2 98238
      2 98139
      2 98127
      2 98111
      2 98068
      2 98046
      1 99371
      1 99322
      1 99211
      1 99210
      1 99176
      1 99170
      1 99164
      1 99160
      1 99150
      1 99147
      1 99129
      1 99121
      1 99118
      1 99115
      1 99033
      1 99032
      1 99023
      1 99017
      1 99012
      1 98952
      1 98946
      1 98941
      1 98940
      1 98938
      1 98923
      1 98904
      1 98849
      1 98830
      1 98829
      1 98827
      1 98817
      1 98811
      1 98670
      1 98628
      1 98621
      1 98619
      1 98616
      1 98593
      1 98588
      1 98587
      1 98582
      1 98581
      1 98556
      1 98555
      1 98540
      1 98536
      1 98533
      1 98530
      1 98527
      1 98464
      1 98448
      1 98431
      1 98411
      1 98401
      1 98393
      1 98381
      1 98361
      1 98355
      1 98322
      1 98297
      1 98293
      1 98287
      1 98259
      1 98256
      1 98222
      1 98220
      1 98195
      1 98175
      1 98141
      1 98114
      1 98093
      1 98071
      1 98064
      1 98062
      1 98041
      1 98035
